 -0
 -1
 -2
  =
  -
  0   0   0     |
  1   1   1     |
  2   2   2     |
 1=   3   3     |
 1-   4   4     |
 10   5  10     |  1=
 11   6  11     |  1-
 12   7  12     |  10
 2=   8  13     |  11
 2-   9  14     |  12
 20  10  20     |  2=
 21  11  21     |  2-
 22  12  22     |  20
10=  13  23     |  21
10-  14  24     |  22
100  15  25     | 10=
101  16  30     | 10-
102  17  31     |
10-  18  32     |
10-  19  33     |
10-  20  34     |
10-  21  40     |
10-  22  41     |
10-  23  42     |
10-  24  43     |
10-  25  44     |
10-  26 100     |
10-  27 101     |
10-  28 102     |
10-  29 103     |
10-  30 104     |

  1=
  1-
  10
  11
  12
  2=
  2-
  20
  21
  22
 10=
 10-

5 *
